$ANSIBLE_VAULT;1.1;AES256
39643966383264326661343735356238313434316364336263363661653332343963336462656632
6138313739373863393938343063636633643532353562660a356639353565633735316132306365
61396431663564636233343735323761623835336234363765306438323365393963336162356665
3530616232396538330a613139353837373432633438336662353466386264323232343134373666
39626265333862376336326463313832623331363030353930623631346438376636663032333831
65363238303966663533366637653137343537303362323838663663303364653332336137623636
61646361633464313538306231373739316331643738636436643866303334613238636632383962
35613433366466313566386636303836633731623962376236393661333532333531393966663562
34303862326637633330616137316261376236303233306661663262656562373065613032646262
39303239313562316534646137666162313233366330626531323461326534363738333064636561
39633838313961653739623538643234363430303133643866386136323933626462333733633933
65323533383363646638313066646630643366383062666337353762613933376536663131343561
39616665613837303362356634313466326139383431313066356437646233303564626466353365
36666266333837633665393234653132373439613664323837333934333431333535343639643030
39353137306438313034343438666662393562386265306365343763363764373935663863643032
65653761373331636639653763353339346161376465663064336438636563366365663936376339
32663339396137323361653466343330633464623730343532623265636631646366656436613365
63306335336333653563666234353734393161316435353936373633336139626465333162346661
62303764633662316430343833323234623139306263616631623030353633333436636436343165
63303566626164373634313236316662366434333365383639333738376434653439383530616663
64316464656430666134653339623561363531383865323730626535373165633239323839663832
36363866316431376233333465396464303765336561363463343737343563393565616635373661
38633264313261336166313861383063396432386237663239373932653663393339333563323162
65646331613461643962316332323664656431626330356233626133396130633232646334633730
62343932616366623635316565393137633838396137386563383966333832316136326332393939
38643665396630366165633335373665646365356166636634326236626233343435306131623235
66306364626432363338333662653264623131636665616665343538373737363433316132373661
36323236326236363036663465346438326166623436656363313234313064356239653433653530
38323535663266383039613733666164326438303464333533666438396261316131626639663439
65613466643530653336666331643264393363343963356430376535366135346133333936623837
66393761623533386563316534343037613637303138656333376639343138393064373066336430
37386138643531313233356236376262653139326465633564323966333139396366613539666531
34366337613835366239353862333935626534633865623337353239353233396136353233653338
36646662323461353739383334313333363861393438623931376265623561653630373338313265
37633836353537303966373863333233633964613465393132663830653137353939643361323839
34373265326462636637323162316165333130646332356132653030616566393162636234653266
65353137333062656439666331383361363231353966663731363632643433316634353333633463
64306534313139333430343938383635346434336337656564316133356161393834653734373536
37356262356461383233343632323365633738303662613365386239316464363933363735653836
34636533616166326338386231343364343438346463643534633964653165323534613062626531
63303130623635333935623335386333613764386134666664383434623231323236636662616337
32383836316437636538356430383437393237353139653438343265633532343337643265653064
32333938646235323636373830316538623264653661633466353333616261333234353638656535
64353638326164313338336332336335333430373736326236306265653838626538636236663038
39363831303936366262363236663063343937643138313336653039356534363732373261613632
36316237663537313763383165303639366239316535656562656634393033303165646530326332
39386531353763393836646563366263373235343436306135623266336438373033613362376362
36663733623965616466376665653034373439373061306538646534353036643965613031636565
64383364616236326632633263346566303333333237613932653963313838346666643535336465
63653834623038393038643861663130366435343365646165376438373639333039623966326132
37366634343165303061643030653162666534393130383639306635643034313336326361313739
64636265323863636135373035343438623163383138396432376232373734303930393836353731
39633834363766383630653837366536626532633861633765376666316364633766333032396264
33613133633336323031326664363462343234636238313463323730316535336236643936643262
39373063303963383666616564393833643066343137366334313432636239656465363039353262
66623734373438316266363339613761383862613230656466393763373137663338633136376530
31623263343363386536666264663236303032633632316637346561313534333635316263396139
65636637373832373037356562366432613534376431633637386461353466376463363337323131
66646434303535393636616534626630343633393164333636373335326265396535306338643861
64336534626231326630353635363433326236386135326531383565343537383232373466643361
30643066623834656231313132623635306235663063316330313632383065363034376564656435
39313431313361306233306538643737623231373033313032303532326665383739376536356437
62623666643437303266356137363634353664356337356162303232336364633936353436303233
31373830323238336364666161656339616437656234346466643661353939383831613536393365
61333565633761353733366666363635373437663735313130363662346664656461653532343731
65313330616265323434633464376238343234346336376662326132363166383035393532386231
36643438643630613730663433383738613937666133323538303039303136613362616463623231
31396332616233616664656438303937633066653233383132316636346638633436393361376662
38616466386633343163663064653661353662363161623837626335303762323339383535643830
64326561663038353630663934663137663961646262653961383837313432353430616664326635
32623935663832333838626636633930303336336630303866613438666236333836643937376162
65383062653063636163663637373231333562643664623638313935353161613162356430323435
36613666393864346333383937313466373231646161386137393238666538363138643239346138
31646633343562313038663565656237366161313062383761346438373539333139363137316537
62623138653530336366336634663432393733393339346632346137366164386537646137366666
39313636333730616531303739623830656161636533383034313639306434666464333266313839
37303863343936373364366261613931316338323966613831643534656536633639656138306637
37666131646362343039663166373432356566646465343737623233373463326463323161633639
39386431346261356335363734363466616161356334633831636430306235313965306134663166
62303032643861643563643866623363353166326634346665313835363165656663653332616333
37373462383063393436663037336238663630393635653235623066313530623066303632653866
30323636303166326230633334303665646465646365303631643365353834396266666432346361
62343539353732626566323164303738636235343166336264656466666463666130626632316263
65613365643432383938633761376536656137303634633133313230383963303534616532366236
37353962333537663466346265373566316363373365636464373163373466636539316437376533
37373730616437323561653139396264396362646636353837653035333162636433353831666233
61643566616238343235653035343134346339653639313032363835316661383532663463316132
32373466323237643365396266636230383463646633613561656631623035626437626430313736
36303431366164633137366465373964626161373431646538356338313666643866376165663730
66363438663961623962306232353935636332666637336230386538333066633234333932326661
39653630366238643736623266346633313231653831663437366466316132326639366430646132
33663264623065613664646237313032336664666131636665343463333962343565623139653764
35323639323864666564616434346438383938646132613162313465636537323238663231383532
33346566343364313232306336383765376539646134346564626330626264356631646162343139
63376339336162353231333334626163396338646432386236663030646630643265363434663866
63366136383239633833386532636364643633326330663633346431366431646336633236613233
62616530663635313839353833623937643966393462616565356538626330323137343530323661
33306362383761356566393236663339393237313538666135363139313964653135356561323233
62333339643934623665303264613065333132326638366164626230613834363466383730373433
65333034363634333465616439643131313730333531636536333561353063666534353864376535
30303637613831316533383763346631623137653637313237643337373131396463393234303939
39393132643736623162616265366366303739633132353939363363303331303266653932343865
39623661353331396239336636663764613835376439633637613038366230633133383661386461
36306235336538663632376366656234653638343130643466633632626162303934393764613963
38353062393962373462643035386666353864373132396665373462643038626330393866646235
64653461393262663935613663336631636636393933323461616639396165633136336532393836
34616133356234356465623965646437366662396663346332386530373735633533313961336265
35393131353939303836383165636131343333366464623666346338653065663362636165346630
33323535643164376261383563383839326533313830633635323865626632636433646665353535
62326533616462316530623734343037663336653134366332373631636162303438353430323963
65313230333430326535616539386662616631663136326532633535303834313234383330336132
66386439646134343162626466323436323166653830343764643966633039356565376163323132
62393131656537333362393461666262616366363065643362623736666365633332613632613633
38656236616138343130616331393030376161663533333439323237303330306662396235663036
38343764616232386633333439626139653137363561366661333264663361316666386633653965
31316437616633633363376662616332366563333632643039323539643535383662396261386534
39356162306431383137376430366434353564373165346330383565373839313238353262613134
38383866666366343263623766346135303937313564623430363965323462303261353766333739
65613939653933616539343264633531633034356163353332323039356639303964386465643864
31616633633939323837323839643762636562366434626435656166323934356239393961373533
38343337303362393337363965363434636231663666313732366136616235613035396662336630
30623933353030303735333264653033353562346465636331653230326534303464303365623933
37386336313033346138316637646261666264323962366232616237656663333133353434653264
37376435643865376662643231663865363038363366356166626236313431373837623662663530
62396139386534633061363636303036376362323039623434366239336665643931626265636665
35376130643530636134373866373839336262393138386632306366383733306633366631393332
66323362613464636534363536396239643066303361626532383065343333326639653939356634
33623065363736363635366236393133366662653763346332643736623030323131323735366432
36303334613861333532323039636137346239636564343466396563363831643765656165656236
39383831313336366362326534633135623862643739663731353330383966383265633333663533
39373761343633636239633366343033643363386136383332613662653061626433663234616533
61326561353965636537373432326238346163636339643438633337333533306530646263636165
63316465313237343735643261393434336432643437393335356163373666636563303935386162
61313535316434353964303437366634333332313262363031626433373931376235396538316265
38346163316239373338653562633534363538326636666635373264653565333530353833366436
31396262376565626335393434663566336638323161663338326530396433613534393761646233
36353739656138613833643363366134303465626466613363623230326261356533373832613435
65323531343339326538313465313134616661646664633265616337623631393466366431383463
38326264323037633163346437643131306263363633356166383536643635303832393832323739
39346239366131666532636463643335653461643932376639326231343137626262346137613939
39343939616235653038326132306365626363303565313836316533343535623536613531633630
31343637313966366661343238613432336439636231386633333337656463306265666232323162
36353331333635363564626566643339363736366233393536636461373635656131306536663131
36303431303563326364316533323466323632613930616435653564343565643461656464373666
32373630373536663038333064356237303361363933316436633437386439623430393763393030
62363661633536313163303661333963343534653032616464373561633765333531356562396531
66363137376231363365316564383935383561333962356363626237366264356661643234636236
31383862363036316231333732643536376139383138303365316634383930666138303531333632
39353934356332326130363830323365633465336530316461353638653233396463346438393863
32393162306430373639313432616530623936363037653034326538366661343362656233316136
32373139366534656133386366323263633739636364653962373165306363663939393336653064
62356365333864623465393661393635386530393465653435303839333930613432306334333764
65303838656532386139336635653766393738653237306636346131346130383439353330303762
66633933663830336265633333646632343731353330653539393431616265353561396661366437
63333561373832316332663938653663663933326633326131313635663463326639366634643264
36666335643834383031386465363338653833633236336534356134386465373364356365313161
37653538306263383436383534363366653566313738393438653633653231373734626539306162
61616463356163313233383834373731386635653462643339393434633536643062363030316338
35646236326530326537353966316165616461323866633835633334373062666666396137323535
66636662396337356266663134336334366362313462333866613736336162623833623565343037
31613837626336303765653936303636353635623466313734386465666366316162653335356234
63353665643932376666323665323538346666346664636133636464633430323731666130356566
36306236646264353764363830336130643765376133366630356337306230626636346164336539
66303036626263383339346630363934393135353138353235366661333437393037396264643538
34366432623439306433623134663761633031643731663637623265623739333032663665363937
30636463336364633763323064396234333337623938386637663236386464383130633038653234
35656136383264626563666161613865326666643138316164613930396539616532653362623335
63303162326363333532343839336434373836323866393438626339616161353133383931356364
65316165356166336331326361366132303030336134663863343437623835663431633662323638
6233316263333439376563633035373262653339306263316164
